133 [0]
72 [1, 90]
66 [2]
137 [3]
138 [4]
124 [5]
174 [6, 12]
48 [7]
50 [8]
185 [9, 24]
10 [10]
113 [11, 69]
181 [13, 84]
27 [14]
25 [15]
197 [16]
57 [17]
62 [18]
176 [19]
31 [20, 45]
159 [21]
30 [22, 25]
82 [23]
43 [26]
93 [27, 97]
53 [28]
87 [29]
196 [30, 44]
120 [31]
98 [32]
140 [33]
70 [34]
145 [35]
89 [36]
191 [37, 72]
155 [38]
198 [39, 41, 82]
148 [40]
22 [42]
200 [43]
128 [46]
108 [47]
17 [48, 76]
19 [49, 86]
79 [50]
102 [51]
125 [52, 62]
115 [53, 64]
130 [54]
147 [55, 95]
16 [56]
179 [57]
170 [58]
182 [59, 91]
41 [60]
167 [61, 74]
189 [63, 68]
129 [65]
92 [66]
164 [67]
110 [70]
29 [71]
146 [73, 81]
95 [75]
97 [77]
61 [78, 96]
46 [79]
13 [80]
195 [83]
38 [85]
118 [87]
105 [88]
24 [89]
88 [92]
21 [93, 94]
44 [98]
150 [99]
