46 [0, 42]
55 [1, 16, 87]
52 [2, 41, 47]
64 [3, 67, 99]
34 [4, 56, 98]
24 [5, 18, 27, 40, 60, 71]
22 [6, 58, 75]
37 [7, 77]
25 [8]
57 [9, 55, 69, 92]
19 [10]
60 [11]
62 [12, 14, 54]
36 [13]
45 [15, 61]
14 [17, 29, 62, 72, 74, 83, 93]
33 [19, 81, 91]
47 [20, 59]
48 [21, 49]
35 [22, 28, 70, 89]
50 [23, 76]
27 [24]
28 [25]
53 [26, 86]
69 [30, 53]
17 [31, 32]
58 [33, 39, 50]
42 [34, 48]
67 [35]
39 [36]
59 [37, 38]
18 [43, 79]
61 [44]
44 [45]
16 [46, 73]
32 [51, 66]
30 [52]
23 [57, 90]
41 [63, 80]
20 [64]
70 [65]
66 [68]
51 [78]
13 [82]
15 [84]
38 [85]
49 [88]
68 [94, 97]
29 [95, 96]
